"","cod","fhs_RA2","FHS_lag2","opilio_female","pdo","sst_MJ","AO","NBT"
"cod",1,-0.44800201540092,-0.448504864817813,-0.065900662662054,-0.276012051744912,-0.538082766360202,-0.271547540459549,-0.173270446630826
"fhs_RA2",-0.44800201540092,1,0.903496173989207,0.358286290199745,-0.184282997094234,0.344794988040414,0.369915544135864,-0.0222255169186116
"FHS_lag2",-0.448504864817813,0.903496173989207,1,0.348578551873913,-0.135491079131733,0.380161908413784,0.336288089974343,0.114408385229562
"opilio_female",-0.065900662662054,0.358286290199745,0.348578551873913,1,-0.301645552815358,-0.149854675148141,0.512243650992107,-0.0889949784958363
"pdo",-0.276012051744912,-0.184282997094234,-0.135491079131733,-0.301645552815358,1,0.384493807846654,-0.218207860260879,0.428017530552346
"sst_MJ",-0.538082766360202,0.344794988040414,0.380161908413784,-0.149854675148141,0.384493807846654,1,0.0900445037389027,0.499104875424529
"AO",-0.271547540459549,0.369915544135864,0.336288089974343,0.512243650992107,-0.218207860260879,0.0900445037389027,1,0.0785558232604001
"NBT",-0.173270446630826,-0.0222255169186116,0.114408385229562,-0.0889949784958363,0.428017530552346,0.499104875424529,0.0785558232604001,1
